NN {nnWs = [(8><4)
 [   -0.247779799270907,  -0.9052121663681219, -0.3371819663295399, -8.351916597838294e-2
 ,  0.39928530049453914,   0.8921098662121518, 0.28162690734639795,    0.9523842538463059
 ,   0.8765164281727031, -0.26347153734918716, -0.9803029558413714,   0.23947083661857516
 ,  0.15285077020314608,   0.4235443004639323, 0.24981087549232583,   -0.3428667908297529
 , -0.26433120583813996,   0.9651530278874714, 0.11496606991097025,    0.3193044825655238
 ,   0.4304623740712781,   0.1342368596134027,  0.6704751863414371,    0.8625650445756443
 ,  0.44286167930436027,    0.379471037658335,  -0.903977351965995,   0.38881570426660383
 ,   0.8022803854150209,   0.9498542861327428, 0.40345702446463805,    0.5836310841823364 ],(16><8)
 [   -0.4665962157573096,  -0.7269953912738489,       0.68157929686036, -8.200764016711837e-2,   0.5420946173850811,   0.8592731637834159,     0.2735717733333223,     0.3178709325610072
 ,   -0.3139028245009885,  0.15428591629134591,    0.20555834247118265,   -0.7598431154619181,  -0.7729633507740585,   0.6246948077493377,    0.28069000572177405,    0.45181959333748734
 ,   -0.8784177961161701,   0.3739639051098862, -3.6988914493081504e-2,    0.9884595277125867,  0.10162452411982326,   0.9384563293911063,    0.22388087979631632,    -0.6207490308469303
 ,   0.44575568273233523,   0.2688272650743033,      0.941713752135291,    0.7539604782052771,  -0.8793405874836333,  -0.5034224308616291,    -0.4714844152501032,    0.28545718182335755
 ,    0.5584959362641224,   0.5023898245408924,  -9.896336341928613e-2,    0.7317338963812012, -0.32130777748871964,   0.8244823103966614,    0.17346531496833872,     0.4873164570847579
 ,   -0.5498602025443422,   0.7057742942761547,    -0.8882304403070325,    0.9108011257591231,   0.6087854991117898,  -0.5585028712967453, -3.5839912242399796e-2,   -0.22234339108923096
 ,     0.302704565546674,   0.8345871300790466,   -0.15875589580236316,  -0.14173219538253412,   0.9925878901082832,    0.206662487235465,  2.3271413082680992e-2,     0.4005515948571037
 ,    0.4977480636954885,  0.18035738180948457,    -0.3985415737191469,     0.391572058830048,   0.9970473538867906,   0.4263088236738066,    -0.3947937122788219,  -8.996664346183092e-2
 ,    0.5124288467465987, -0.38366940681844297,     0.8737585900749261,   -0.5583052294866335,   0.8491986428232596,   0.2560012664731288,    0.15239220309039125,     0.9082647174245839
 , -5.137487869831037e-2,  0.12209736923055114,    -0.8532104733369641,   0.18233400468713534,   0.8048170068501217,   0.5769766802593614,    0.45097057478121716,  1.1406053674016814e-2
 ,    0.3506919231835237, -0.26319163719752536,     0.8239587165175026,   -0.9537534364994984,   0.9874788901413196,    -0.95660730133111,      0.761829510068857,   -0.28859398023282945
 ,   0.39987451103189886,  -0.9857092008555841,  -6.046837842041519e-3,   0.46418844577548235,   0.9199660969055745,  0.13436334721235688,    -0.6305497668479554, -4.9884776004382125e-2
 ,    0.9442598050205189,  -0.5064803857905611,     0.6044829625809018,    0.5522740989663362,  0.16080879054570985, -0.42584557029919456,     0.7565422285136298,     0.9916728993274162
 ,   0.24384662476379293,  -0.6012881200298685,     0.9581321242691159,    0.4056632862169416,   -0.162622876510357,   0.4061276104874161,     0.8118913301438944,   -0.17058009249761819
 ,    0.5032289335025586,   0.5383812757718924,    -0.6304854591811837,    0.5076222036889746,   0.8963422902117248,   0.5270673008517315,    -0.6421699525455509,    -0.3698524337468303
 ,    0.6343442955999508,   0.9934555795064426,   4.479308845217567e-2,  -0.34414816998703124,  -0.5348155787155169,   0.8404609825097822,    -0.6905763138106986,    -0.5692251970228954 ]], nnBs = [[-0.3783313614784114,-0.5002044064000779,0.7969729071397744,-0.4748608284096876,0.21822824306147415,-0.36619305777686173,-0.48411821343402095,-0.7374397624142335],[0.34988161568780485,-8.149451351490655e-2,-0.2819972132030577,-0.34916054315025247,-0.42113590812434754,-0.6058294321616173,0.6612876148169002,-0.7713925430511368,0.30880146618003534,-0.8918094655157969,-0.17273292113558258,0.5184867389302121,-0.2181444308730187,-0.6889488634410004,-0.8503322722187976,-0.949842668757451]]}